012345103254234501325410451032540123
012345103254235410324501451023540132
012345104253235014351420420531543102
012345104523230154325401451032543210
012345104523231054325410450132543201
012345104532235104321450453021540213
012345105234234150340512453021521403
012345105234253410324501431052540123
012345120534234150305412451203543021
012345123450254013305124431502540231
012345130524254130345012403251521403
012345134052201534325401450123543210
012345134520245031351204403152520413
012345135024201453324510450132543201
012345143250254031305124430512521403
012345143502231450350124425031504213
012345143520205413321054450231534102
012345150432245013304521423150531204
012345150432245013304521431250523104
012345153024245130324501401253530412
012345153204231450340521425013504132
012345153420231504340152425013504231
